initial_pose_x: 3.04302
initial_pose_y: 8.65057
initial_pose_a: -1.82638